0.69326264617 0.122414472671 0.678489634075
0.682541098782 0.0246851825079 0.669652832921
0.70233676338 0.0344391121118 0.661503595322
0.682873486517 0.125805148806 0.707793180451
0.702979416334 0.154222244999 0.658955343781
0.692856730567 0.0216326847315 0.700082733276
0.681607102945 0.0254600974036 0.620359920978
0.690238835017 0.122698326462 0.711500460262
0.70088559769 0.134141883065 0.697548665546
0.706514783854 0.171598084557 0.698950394018
0.703201758087 0.0358051836718 0.63498575411
0.704529463306 0.179143241588 0.663508977457
0.692221420762 0.0729819709869 0.654587907627
0.705286273705 0.0944787052582 0.630170413808
0.708231194761 0.0443414214499 0.696685203815
0.707765070664 0.137156139064 0.630866409212
0.696755639238 0.103151100004 0.686539550264
0.694371768439 0.123782138918 0.687858098768
0.691941367683 0.0397067427019 0.63604593364
0.707659513682 0.16128767692 0.657499077217
0.699723094071 0.0278086476169 0.66104482133
0.680810565075 0.0364364194141 0.631049513126
0.68595362184 0.0067342951974 0.68763488919
0.707329749396 0.180620664131 0.718135033545
0.692480329442 0.117620077124 0.69605164034
0.708839785527 0.0968804911565 0.643612375966
0.70137963632 0.0838831590124 0.640235482526
0.692509138921 0.174134046622 0.652712742162
0.694072273584 0.114547778089 0.70330342546
0.705410813419 0.0342785143341 0.672359599315
0.693057426374 0.107311644747 0.620976039828
0.682030343294 0.112587376267 0.718917790689
0.696354539639 0.00819014881254 0.62376045256
0.689815300294 0.192710271709 0.687306751017
0.687517346747 0.114959605092 0.671054256834
0.695993187772 0.0216523073703 0.685479479211
0.707914099717 0.138069678717 0.639579730364
0.709361424512 0.197033017117 0.63940142976
0.684313708899 0.132779079798 0.629873863815
0.696865724248 0.191925153439 0.683064964165
