0.7028388186003072 0.06943080362148459 0.6578394249725245
0.7066837679389556 0.11319926794738522 0.6524182955725014
0.7046576321467727 0.09487902821230199 0.6519391266984232
0.6925489886901359 0.07107500297685107 0.6282134398626256
0.6888021106519245 0.08887922309351687 0.6600140956972936
0.7114200554501857 0.16701114964670627 0.6610332872333268
0.6997670054351288 0.17159450131020154 0.6502411073625977
0.7080628491941259 -0.009906666334033365 0.6689038284567744
0.694970666034154 0.03952504036394443 0.6575807216434036
0.6953283263246645 0.10505497382938027 0.6349072210014277
0.7077454483438353 0.08544537130210922 0.6649229200800412
0.7157351314508184 0.0911205544648684 0.660997757100546
0.6996580343752069 0.17448782840335098 0.648410420017894
0.6842531542006224 0.1908284549141582 0.6333456615606889
0.7024323384076295 0.11354199534863244 0.640880474227166
0.6944178394264668 0.09876518359228224 0.6773390510908268
0.7001768030524631 0.14792782757857376 0.6548484591301271
0.6915896467577634 -0.008436894797442251 0.6676664704494512
0.6906598269724848 0.22230391935046684 0.6517184625630742
0.7027048549246842 0.1543299497634095 0.6689610238714871
0.6940443553401519 0.054886936558490626 0.7171187769630571
0.7022442278854273 0.04481894586342051 0.642195169040377
0.7011138084538001 0.06252686791166838 0.6634666002058
0.6981405031151018 0.11542934110597074 0.6601092586101924
0.7089992416065972 0.04664701019749877 0.681270786008618
0.6999531147723517 0.12170772865757444 0.6338508032573359
0.700124980266348 0.218997592211161 0.641039976671538
0.6859945346310607 0.11038538364679056 0.6663607331987185
0.7120295856212719 0.09377899991341833 0.6128356622730831
0.7053229538344384 0.1913245440709318 0.6376846347270351
0.6990772230313459 0.030496308677859338 0.6581092255996992
0.7066282230411877 0.1260297284922423 0.6661887035599481
0.6969221885728316 0.13855043453268034 0.6450973870127589
0.6900819155583625 0.06677474145910725 0.6857736898329095
0.6990421682837012 0.10997242581793389 0.6447036884742791
0.7078511681253657 0.09692075891111325 0.6432679007770001
0.6904817118360349 0.08401283368564316 0.6830116681767475
0.6912513797757628 0.017881082516092967 0.6408296562439133
0.7000597125180681 0.10012294816620887 0.6963424786804557
0.705796378710044 0.08765826685337627 0.6592482578701636
